EDA Report Generated: 2025-10-14 18:01:09
==================================================

Dataset: artifacts/clean_data.csv
Shape: (18573, 22)
Memory Usage: 4.02 MB

MISSING VALUES:
                           Missing Count  Missing %
saleDate                               0        0.0
doorNumber                             0        0.0
targetPrice                            0        0.0
vehicle_age_years                      0        0.0
km_per_year                            0        0.0
sale_year                              0        0.0
sale_month                             0        0.0
years_since_intro_at_sale              0        0.0
kilometers                             0        0.0
cubeCapacity                           0        0.0
powerKW                                0        0.0
cylinder                               0        0.0
is_neutral_color                       0        0.0
aestheticGrade_ordinal                 0        0.0
mechanicalGrade_ordinal                0        0.0
type__Hatchback                        0        0.0
type__Estate                           0        0.0
type__Sedan                            0        0.0
fuel__Diesel                           0        0.0
fuel__Petrol                           0        0.0
transmission__Manual                   0        0.0
make_model__te                         0        0.0

DATA TYPES:
int64      14
float64     7
object      1

NUMERIC SUMMARY:
         doorNumber   targetPrice  vehicle_age_years   km_per_year     sale_year    sale_month  years_since_intro_at_sale     kilometers  cubeCapacity       powerKW      cylinder  is_neutral_color  aestheticGrade_ordinal  mechanicalGrade_ordinal  type__Hatchback  type__Estate   type__Sedan  fuel__Diesel  fuel__Petrol  transmission__Manual  make_model__te
count  18573.000000  18573.000000       18573.000000  18573.000000  18573.000000  18573.000000               18573.000000   18573.000000  18573.000000  18573.000000  18573.000000      18573.000000            18573.000000             18573.000000     18573.000000  18573.000000  18573.000000  18573.000000  18573.000000          18573.000000    18573.000000
mean       4.667528   5958.834329          11.729769  17665.138002   2022.715124      6.498627                  15.765951  176809.902940   1547.043714     77.832930     13.723523          0.857966                1.134766                 1.830668         0.548538      0.321434      0.098692      0.671082      0.323911              0.890055     5776.582639
std        0.693264   6018.907260           5.316641  11924.003597      0.690296      3.539120                   5.156748   87066.893729    379.180909     28.300003      1.780753          0.349095                1.085205                 1.146882         0.497652      0.467040      0.298256      0.469833      0.467979              0.312829     1878.771496
min        2.000000    400.000000           0.000000      5.925926   2022.000000      1.000000                   3.000000     160.000000    599.000000     29.000000      6.000000          0.000000                0.000000                 0.000000         0.000000      0.000000      0.000000      0.000000      0.000000              0.000000     2723.208153
25%        5.000000   2000.000000           8.000000  10734.000000   2022.000000      4.000000                  12.000000  117910.000000   1248.000000     55.000000     12.000000          1.000000                0.000000                 1.000000         0.000000      0.000000      0.000000      0.000000      0.000000              1.000000     4498.283130
50%        5.000000   4100.000000          12.000000  14986.532967   2023.000000      6.000000                  16.000000  169721.000000   1461.000000     74.000000     14.000000          1.000000                1.000000                 2.000000         1.000000      0.000000      0.000000      1.000000      0.000000              1.000000     5512.899417
75%        5.000000   7700.000000          16.000000  20659.200000   2023.000000     10.000000                  19.000000  226384.000000   1870.000000     88.000000     15.000000          1.000000                2.000000                 3.000000         1.000000      1.000000      0.000000      1.000000      1.000000              1.000000     6424.614428
max        6.000000  60200.000000          33.000000  93186.240000   2024.000000     12.000000                  39.000000  633563.016000   3996.521000    250.000000     16.000000          1.000000                4.000000                 4.000000         1.000000      1.000000      1.000000      1.000000      1.000000              1.000000    19523.869403

